money: '9699.0'
logoutlocation:
  world: world
  x: -31.980014849733607
  y: 64.0
  z: 50.667645567336386
  yaw: -100.94995
  pitch: 25.64993
timestamps:
  logout: 1621195966618
  login: 1621195820100
lastAccountName: VormirAssassin
ipAddress: 127.0.0.1
lastlocation:
  world: world
  x: -31.980014849733607
  y: 64.0
  z: 50.667645567336386
  yaw: -107.099945
  pitch: 26.549927
