money: '199'
logoutlocation:
  world: world
  x: -31.980014849733607
  y: 64.0
  z: 50.667645567336386
  yaw: -100.94995
  pitch: 25.64993
timestamps:
  logout: 1621194795337
  login: 1621194763790
lastAccountName: VormirAssassin
ipAddress: 127.0.0.1
